[calibration]
amp=147.643620
pow=-203998.239273
off=1162.887599

[values]
pix=756,793,853,883,582,496,352,653,712
wls=650,700,800,880,500,450,400,550,600